656.000000
656.000000
656.000000
656.000000
656.000000
656.000000
656.000000
656.000000
656.000000
656.000000
545.000000
656.000000
656.000000
656.000000
656.000000
656.000000
656.000000
656.000000
656.000000
656.000000
656.000000
656.000000
656.000000
656.000000
656.000000
656.000000
656.000000
656.000000
656.000000
656.000000
699.820040
726.832393
699.820040
726.832393
703.821870
699.820040
751.843831
699.820040
741.038890
699.820040
703.821870
703.821870
699.820040
751.843831
699.820040
751.843831
699.820040
728.833308
728.833308
699.820040
829.879518
829.879518
829.879518
806.868995
806.868995
806.868995
829.879518
829.879518
829.879518
983.949977