678.000000
678.000000
678.000000	
732.648361	
678.000000	
678.000000	
732.648361	
678.000000	
732.648361	
678.000000	
732.648361	
732.648361	
732.648361	
732.648361	
732.648361	
747.561559	
732.047830	
732.648361	
732.648361	
678.000000	
904.800709	
678.000000	
789.498671	
678.000000	
732.648361	
732.648361	
678.000000	
732.648361	
678.000000	
732.648361	
949.039858	
949.039858	
970.658990	
980.267493	
980.267493	
1007.291408	
1032.313552	
949.039858	
949.039858	
949.039858	
1007.291408	
970.658990	
1064.742250	
1007.291408	
1064.742250	
970.658990	
989.675819	
970.658990	
970.658990	
1045.725421	
1045.725421	
970.658990	
970.658990	
700.386182	
1007.291408	
700.000000	
1190.253322	
1192.455270	
1056.334810	
1032.313552	